{
 "cells": [
  {
   "cell_type": "code",
   "execution_count": 1,
   "metadata": {
    "collapsed": false
   },
   "outputs": [],
   "source": [
    "import numpy as np\n",
    "import sys\n",
    "if \"../\" not in sys.path:\n",
    "  sys.path.append(\"../\") \n",
    "from lib.envs.gridworld import GridworldEnv"
   ]
  },
  {
   "cell_type": "code",
   "execution_count": 2,
   "metadata": {
    "collapsed": true
   },
   "outputs": [],
   "source": [
    "env = GridworldEnv()"
   ]
  },
  {
   "cell_type": "code",
   "execution_count": 118,
   "metadata": {
    "collapsed": false
   },
   "outputs": [],
   "source": [
    "def policy_eval(policy, env, discount_factor=1.0, theta=0.00001):\n",
    "    \"\"\"\n",
    "    Evaluate a policy given an environment and a full description of the environment's dynamics.\n",
    "    \n",
    "    Args:\n",
    "        policy: [S, A] shaped matrix representing the policy.\n",
    "        env: OpenAI env. env.P represents the transition probabilities of the environment.\n",
    "            env.P[s][a] is a (prob, next_state, reward, done) tuple.\n",
    "        theta: We stop evaluation once our value function change is less than theta for all states.\n",
    "        discount_factor: gamma discount factor.\n",
    "    \n",
    "    Returns:\n",
    "        Vector of length env.nS representing the value function.\n",
    "    \"\"\"\n",
    "    # Start with a random (all 0) value function\n",
    "    V = np.zeros(env.nS)\n",
    "    V1 = np.zeros(env.nS)\n",
    "    # print (V.shape)\n",
    "    \n",
    "    # print ('policy:', policy)\n",
    "    # print (env.P[0][0][0][0])\n",
    "    # print (env.P.dtype)\n",
    "    # print(policy.shape)\n",
    "    \n",
    "    counter = 0\n",
    "    while True:\n",
    "        counter += 1\n",
    "        print(counter)\n",
    "        V1 = np.zeros(env.nS)\n",
    "        for s, value in enumerate(V):\n",
    "            for a in range(env.nA):\n",
    "                reward = env.P[s][a][0][2]\n",
    "                prob = env.P[s][a][0][0]\n",
    "                next_state = env.P[s][a][0][1]\n",
    "                V1[s] += policy[s][a] * (reward + discount_factor * prob * V[next_state]) \n",
    "        \n",
    "        print('V1:', V1.reshape(env.shape))\n",
    "        print('V: ', V.reshape(env.shape))\n",
    "        print(np.abs(V1-V).reshape(env.shape))\n",
    "        # print(np.abs(V1-V).reshape(env.shape))\n",
    "        delta = np.abs(V1 - V)\n",
    "        if np.all(delta < theta):\n",
    "            print('exiting...', theta)\n",
    "            break\n",
    "        V = np.copy(V1)\n",
    "    return np.array(V)"
   ]
  },
  {
   "cell_type": "code",
   "execution_count": 119,
   "metadata": {
    "collapsed": false
   },
   "outputs": [
    {
     "name": "stdout",
     "output_type": "stream",
     "text": [
      "1\n",
      "V1: [[ 0. -1. -1. -1.]\n",
      " [-1. -1. -1. -1.]\n",
      " [-1. -1. -1. -1.]\n",
      " [-1. -1. -1.  0.]]\n",
      "V:  [[ 0.  0.  0.  0.]\n",
      " [ 0.  0.  0.  0.]\n",
      " [ 0.  0.  0.  0.]\n",
      " [ 0.  0.  0.  0.]]\n",
      "[[ 0.  1.  1.  1.]\n",
      " [ 1.  1.  1.  1.]\n",
      " [ 1.  1.  1.  1.]\n",
      " [ 1.  1.  1.  0.]]\n",
      "2\n",
      "V1: [[ 0.   -1.75 -2.   -2.  ]\n",
      " [-1.75 -2.   -2.   -2.  ]\n",
      " [-2.   -2.   -2.   -1.75]\n",
      " [-2.   -2.   -1.75  0.  ]]\n",
      "V:  [[ 0. -1. -1. -1.]\n",
      " [-1. -1. -1. -1.]\n",
      " [-1. -1. -1. -1.]\n",
      " [-1. -1. -1.  0.]]\n",
      "[[ 0.    0.75  1.    1.  ]\n",
      " [ 0.75  1.    1.    1.  ]\n",
      " [ 1.    1.    1.    0.75]\n",
      " [ 1.    1.    0.75  0.  ]]\n",
      "3\n",
      "V1: [[ 0.     -2.4375 -2.9375 -3.    ]\n",
      " [-2.4375 -2.875  -3.     -2.9375]\n",
      " [-2.9375 -3.     -2.875  -2.4375]\n",
      " [-3.     -2.9375 -2.4375  0.    ]]\n",
      "V:  [[ 0.   -1.75 -2.   -2.  ]\n",
      " [-1.75 -2.   -2.   -2.  ]\n",
      " [-2.   -2.   -2.   -1.75]\n",
      " [-2.   -2.   -1.75  0.  ]]\n",
      "[[ 0.      0.6875  0.9375  1.    ]\n",
      " [ 0.6875  0.875   1.      0.9375]\n",
      " [ 0.9375  1.      0.875   0.6875]\n",
      " [ 1.      0.9375  0.6875  0.    ]]\n",
      "4\n",
      "V1: [[ 0.      -3.0625  -3.84375 -3.96875]\n",
      " [-3.0625  -3.71875 -3.90625 -3.84375]\n",
      " [-3.84375 -3.90625 -3.71875 -3.0625 ]\n",
      " [-3.96875 -3.84375 -3.0625   0.     ]]\n",
      "V:  [[ 0.     -2.4375 -2.9375 -3.    ]\n",
      " [-2.4375 -2.875  -3.     -2.9375]\n",
      " [-2.9375 -3.     -2.875  -2.4375]\n",
      " [-3.     -2.9375 -2.4375  0.    ]]\n",
      "[[ 0.       0.625    0.90625  0.96875]\n",
      " [ 0.625    0.84375  0.90625  0.90625]\n",
      " [ 0.90625  0.90625  0.84375  0.625  ]\n",
      " [ 0.96875  0.90625  0.625    0.     ]]\n",
      "5\n",
      "V1: [[ 0.        -3.65625   -4.6953125 -4.90625  ]\n",
      " [-3.65625   -4.484375  -4.78125   -4.6953125]\n",
      " [-4.6953125 -4.78125   -4.484375  -3.65625  ]\n",
      " [-4.90625   -4.6953125 -3.65625    0.       ]]\n",
      "V:  [[ 0.      -3.0625  -3.84375 -3.96875]\n",
      " [-3.0625  -3.71875 -3.90625 -3.84375]\n",
      " [-3.84375 -3.90625 -3.71875 -3.0625 ]\n",
      " [-3.96875 -3.84375 -3.0625   0.     ]]\n",
      "[[ 0.         0.59375    0.8515625  0.9375   ]\n",
      " [ 0.59375    0.765625   0.875      0.8515625]\n",
      " [ 0.8515625  0.875      0.765625   0.59375  ]\n",
      " [ 0.9375     0.8515625  0.59375    0.       ]]\n",
      "6\n",
      "V1: [[ 0.         -4.20898438 -5.50976562 -5.80078125]\n",
      " [-4.20898438 -5.21875    -5.58984375 -5.50976562]\n",
      " [-5.50976562 -5.58984375 -5.21875    -4.20898438]\n",
      " [-5.80078125 -5.50976562 -4.20898438  0.        ]]\n",
      "V:  [[ 0.        -3.65625   -4.6953125 -4.90625  ]\n",
      " [-3.65625   -4.484375  -4.78125   -4.6953125]\n",
      " [-4.6953125 -4.78125   -4.484375  -3.65625  ]\n",
      " [-4.90625   -4.6953125 -3.65625    0.       ]]\n",
      "[[ 0.          0.55273438  0.81445312  0.89453125]\n",
      " [ 0.55273438  0.734375    0.80859375  0.81445312]\n",
      " [ 0.81445312  0.80859375  0.734375    0.55273438]\n",
      " [ 0.89453125  0.81445312  0.55273438  0.        ]]\n",
      "7\n",
      "V1: [[ 0.         -4.734375   -6.27734375 -6.65527344]\n",
      " [-4.734375   -5.89941406 -6.36425781 -6.27734375]\n",
      " [-6.27734375 -6.36425781 -5.89941406 -4.734375  ]\n",
      " [-6.65527344 -6.27734375 -4.734375    0.        ]]\n",
      "V:  [[ 0.         -4.20898438 -5.50976562 -5.80078125]\n",
      " [-4.20898438 -5.21875    -5.58984375 -5.50976562]\n",
      " [-5.50976562 -5.58984375 -5.21875    -4.20898438]\n",
      " [-5.80078125 -5.50976562 -4.20898438  0.        ]]\n",
      "[[ 0.          0.52539062  0.76757812  0.85449219]\n",
      " [ 0.52539062  0.68066406  0.77441406  0.76757812]\n",
      " [ 0.76757812  0.77441406  0.68066406  0.52539062]\n",
      " [ 0.85449219  0.76757812  0.52539062  0.        ]]\n",
      "8\n",
      "V1: [[ 0.         -5.2277832  -7.0078125  -7.46630859]\n",
      " [-5.2277832  -6.54931641 -7.08837891 -7.0078125 ]\n",
      " [-7.0078125  -7.08837891 -6.54931641 -5.2277832 ]\n",
      " [-7.46630859 -7.0078125  -5.2277832   0.        ]]\n",
      "V:  [[ 0.         -4.734375   -6.27734375 -6.65527344]\n",
      " [-4.734375   -5.89941406 -6.36425781 -6.27734375]\n",
      " [-6.27734375 -6.36425781 -5.89941406 -4.734375  ]\n",
      " [-6.65527344 -6.27734375 -4.734375    0.        ]]\n",
      "[[ 0.          0.4934082   0.73046875  0.81103516]\n",
      " [ 0.4934082   0.64990234  0.72412109  0.73046875]\n",
      " [ 0.73046875  0.72412109  0.64990234  0.4934082 ]\n",
      " [ 0.81103516  0.73046875  0.4934082   0.        ]]\n",
      "9\n",
      "V1: [[ 0.         -5.69622803 -7.6975708  -8.23706055]\n",
      " [-5.69622803 -7.15808105 -7.77856445 -7.6975708 ]\n",
      " [-7.6975708  -7.77856445 -7.15808105 -5.69622803]\n",
      " [-8.23706055 -7.6975708  -5.69622803  0.        ]]\n",
      "V:  [[ 0.         -5.2277832  -7.0078125  -7.46630859]\n",
      " [-5.2277832  -6.54931641 -7.08837891 -7.0078125 ]\n",
      " [-7.0078125  -7.08837891 -6.54931641 -5.2277832 ]\n",
      " [-7.46630859 -7.0078125  -5.2277832   0.        ]]\n",
      "[[ 0.          0.46844482  0.6897583   0.77075195]\n",
      " [ 0.46844482  0.60876465  0.69018555  0.6897583 ]\n",
      " [ 0.6897583   0.69018555  0.60876465  0.46844482]\n",
      " [ 0.77075195  0.6897583   0.46844482  0.        ]]\n",
      "10\n",
      "V1: [[ 0.         -6.13796997 -8.35235596 -8.96731567]\n",
      " [-6.13796997 -7.73739624 -8.42782593 -8.35235596]\n",
      " [-8.35235596 -8.42782593 -7.73739624 -6.13796997]\n",
      " [-8.96731567 -8.35235596 -6.13796997  0.        ]]\n",
      "V:  [[ 0.         -5.69622803 -7.6975708  -8.23706055]\n",
      " [-5.69622803 -7.15808105 -7.77856445 -7.6975708 ]\n",
      " [-7.6975708  -7.77856445 -7.15808105 -5.69622803]\n",
      " [-8.23706055 -7.6975708  -5.69622803  0.        ]]\n",
      "[[ 0.          0.44174194  0.65478516  0.73025513]\n",
      " [ 0.44174194  0.57931519  0.64926147  0.65478516]\n",
      " [ 0.65478516  0.64926147  0.57931519  0.44174194]\n",
      " [ 0.73025513  0.65478516  0.44174194  0.        ]]\n",
      "11\n",
      "V1: [[ 0.         -6.55693054 -8.97136688 -9.65983582]\n",
      " [-6.55693054 -8.28289795 -9.0448761  -8.97136688]\n",
      " [-8.97136688 -9.0448761  -8.28289795 -6.55693054]\n",
      " [-9.65983582 -8.97136688 -6.55693054  0.        ]]\n",
      "V:  [[ 0.         -6.13796997 -8.35235596 -8.96731567]\n",
      " [-6.13796997 -7.73739624 -8.42782593 -8.35235596]\n",
      " [-8.35235596 -8.42782593 -7.73739624 -6.13796997]\n",
      " [-8.96731567 -8.35235596 -6.13796997  0.        ]]\n",
      "[[ 0.          0.41896057  0.61901093  0.69252014]\n",
      " [ 0.41896057  0.54550171  0.61705017  0.61901093]\n",
      " [ 0.61901093  0.61705017  0.54550171  0.41896057]\n",
      " [ 0.69252014  0.61901093  0.41896057  0.        ]]\n",
      "12\n",
      "V1: [[  0.          -6.95279884  -9.55825233 -10.31560135]\n",
      " [ -6.95279884  -8.80090332  -9.62713242  -9.55825233]\n",
      " [ -9.55825233  -9.62713242  -8.80090332  -6.95279884]\n",
      " [-10.31560135  -9.55825233  -6.95279884   0.        ]]\n",
      "V:  [[ 0.         -6.55693054 -8.97136688 -9.65983582]\n",
      " [-6.55693054 -8.28289795 -9.0448761  -8.97136688]\n",
      " [-8.97136688 -9.0448761  -8.28289795 -6.55693054]\n",
      " [-9.65983582 -8.97136688 -6.55693054  0.        ]]\n",
      "[[ 0.          0.3958683   0.58688545  0.65576553]\n",
      " [ 0.3958683   0.51800537  0.58225632  0.58688545]\n",
      " [ 0.58688545  0.58225632  0.51800537  0.3958683 ]\n",
      " [ 0.65576553  0.58688545  0.3958683   0.        ]]\n",
      "13\n",
      "V1: [[  0.          -7.32798862 -10.11344624 -10.93692684]\n",
      " [ -7.32798862  -9.28996563 -10.17957783 -10.11344624]\n",
      " [-10.11344624 -10.17957783  -9.28996563  -7.32798862]\n",
      " [-10.93692684 -10.11344624  -7.32798862   0.        ]]\n",
      "V:  [[  0.          -6.95279884  -9.55825233 -10.31560135]\n",
      " [ -6.95279884  -8.80090332  -9.62713242  -9.55825233]\n",
      " [ -9.55825233  -9.62713242  -8.80090332  -6.95279884]\n",
      " [-10.31560135  -9.55825233  -6.95279884   0.        ]]\n",
      "[[ 0.          0.37518978  0.5551939   0.62132549]\n",
      " [ 0.37518978  0.48906231  0.55244541  0.5551939 ]\n",
      " [ 0.5551939   0.55244541  0.48906231  0.37518978]\n",
      " [ 0.62132549  0.5551939   0.37518978  0.        ]]\n",
      "14\n",
      "V1: [[  0.          -7.68285012 -10.63948488 -11.52518654]\n",
      " [ -7.68285012  -9.75378323 -10.70170593 -10.63948488]\n",
      " [-10.63948488 -10.70170593  -9.75378323  -7.68285012]\n",
      " [-11.52518654 -10.63948488  -7.68285012   0.        ]]\n",
      "V:  [[  0.          -7.32798862 -10.11344624 -10.93692684]\n",
      " [ -7.32798862  -9.28996563 -10.17957783 -10.11344624]\n",
      " [-10.11344624 -10.17957783  -9.28996563  -7.32798862]\n",
      " [-10.93692684 -10.11344624  -7.32798862   0.        ]]\n",
      "[[ 0.          0.3548615   0.52603865  0.5882597 ]\n",
      " [ 0.3548615   0.4638176   0.52212811  0.52603865]\n",
      " [ 0.52603865  0.52212811  0.4638176   0.3548615 ]\n",
      " [ 0.5882597   0.52603865  0.3548615   0.        ]]\n",
      "15\n",
      "V1: [[  0.          -8.01902956 -11.13730687 -12.08233571]\n",
      " [ -8.01902956 -10.19227803 -11.19663405 -11.13730687]\n",
      " [-11.13730687 -11.19663405 -10.19227803  -8.01902956]\n",
      " [-12.08233571 -11.13730687  -8.01902956   0.        ]]\n",
      "V:  [[  0.          -7.68285012 -10.63948488 -11.52518654]\n",
      " [ -7.68285012  -9.75378323 -10.70170593 -10.63948488]\n",
      " [-10.63948488 -10.70170593  -9.75378323  -7.68285012]\n",
      " [-11.52518654 -10.63948488  -7.68285012   0.        ]]\n",
      "[[ 0.          0.33617944  0.49782199  0.55714917]\n",
      " [ 0.33617944  0.4384948   0.49492812  0.49782199]\n",
      " [ 0.49782199  0.49492812  0.4384948   0.33617944]\n",
      " [ 0.55714917  0.49782199  0.33617944  0.        ]]\n",
      "16\n",
      "V1: [[  0.          -8.33715361 -11.60882655 -12.60982129]\n",
      " [ -8.33715361 -10.60783181 -11.66479245 -11.60882655]\n",
      " [-11.60882655 -11.66479245 -10.60783181  -8.33715361]\n",
      " [-12.60982129 -11.60882655  -8.33715361   0.        ]]\n",
      "V:  [[  0.          -8.01902956 -11.13730687 -12.08233571]\n",
      " [ -8.01902956 -10.19227803 -11.19663405 -11.13730687]\n",
      " [-11.13730687 -11.19663405 -10.19227803  -8.01902956]\n",
      " [-12.08233571 -11.13730687  -8.01902956   0.        ]]\n",
      "[[ 0.          0.31812406  0.47151968  0.52748558]\n",
      " [ 0.31812406  0.41555378  0.46815839  0.47151968]\n",
      " [ 0.47151968  0.46815839  0.41555378  0.31812406]\n",
      " [ 0.52748558  0.47151968  0.31812406  0.        ]]\n",
      "17\n",
      "V1: [[  0.          -8.63845299 -12.05514847 -13.10932392]\n",
      " [ -8.63845299 -11.00097303 -12.10832918 -12.05514847]\n",
      " [-12.05514847 -12.10832918 -11.00097303  -8.63845299]\n",
      " [-13.10932392 -12.05514847  -8.63845299   0.        ]]\n",
      "V:  [[  0.          -8.33715361 -11.60882655 -12.60982129]\n",
      " [ -8.33715361 -10.60783181 -11.66479245 -11.60882655]\n",
      " [-11.60882655 -11.66479245 -10.60783181  -8.33715361]\n",
      " [-12.60982129 -11.60882655  -8.33715361   0.        ]]\n",
      "[[ 0.          0.30129938  0.44632193  0.49950263]\n",
      " [ 0.30129938  0.39314122  0.44353673  0.44632193]\n",
      " [ 0.44632193  0.44353673  0.39314122  0.30129938]\n",
      " [ 0.49950263  0.44632193  0.30129938  0.        ]]\n",
      "18\n",
      "V1: [[  0.          -8.92364362 -12.47781364 -13.5822362 ]\n",
      " [ -8.92364362 -11.37339108 -12.52806075 -12.47781364]\n",
      " [-12.47781364 -12.52806075 -11.37339108  -8.92364362]\n",
      " [-13.5822362  -12.47781364  -8.92364362   0.        ]]\n",
      "V:  [[  0.          -8.63845299 -12.05514847 -13.10932392]\n",
      " [ -8.63845299 -11.00097303 -12.10832918 -12.05514847]\n",
      " [-12.05514847 -12.10832918 -11.00097303  -8.63845299]\n",
      " [-13.10932392 -12.05514847  -8.63845299   0.        ]]\n",
      "[[ 0.          0.28519063  0.42266517  0.47291228]\n",
      " [ 0.28519063  0.37241805  0.41973158  0.42266517]\n",
      " [ 0.42266517  0.41973158  0.37241805  0.28519063]\n",
      " [ 0.47291228  0.42266517  0.28519063  0.        ]]\n",
      "19\n",
      "V1: [[  0.          -9.19371209 -12.87793855 -14.03002492]\n",
      " [ -9.19371209 -11.72585219 -12.92560236 -12.87793855]\n",
      " [-12.87793855 -12.92560236 -11.72585219  -9.19371209]\n",
      " [-14.03002492 -12.87793855  -9.19371209   0.        ]]\n",
      "V:  [[  0.          -8.92364362 -12.47781364 -13.5822362 ]\n",
      " [ -8.92364362 -11.37339108 -12.52806075 -12.47781364]\n",
      " [-12.47781364 -12.52806075 -11.37339108  -8.92364362]\n",
      " [-13.5822362  -12.47781364  -8.92364362   0.        ]]\n",
      "[[ 0.          0.27006846  0.40012491  0.44778872]\n",
      " [ 0.27006846  0.3524611   0.39754161  0.40012491]\n",
      " [ 0.40012491  0.39754161  0.3524611   0.27006846]\n",
      " [ 0.44778872  0.40012491  0.27006846  0.        ]]\n",
      "20\n",
      "V1: [[  0.          -9.44937571 -13.25681948 -14.45398174]\n",
      " [ -9.44937571 -12.05965722 -13.30189537 -13.25681948]\n",
      " [-13.25681948 -13.30189537 -12.05965722  -9.44937571]\n",
      " [-14.45398174 -13.25681948  -9.44937571   0.        ]]\n",
      "V:  [[  0.          -9.19371209 -12.87793855 -14.03002492]\n",
      " [ -9.19371209 -11.72585219 -12.92560236 -12.87793855]\n",
      " [-12.87793855 -12.92560236 -11.72585219  -9.19371209]\n",
      " [-14.03002492 -12.87793855  -9.19371209   0.        ]]\n",
      "[[ 0.          0.25566362  0.37888093  0.42395682]\n",
      " [ 0.25566362  0.33380504  0.37629301  0.37888093]\n",
      " [ 0.37888093  0.37629301  0.33380504  0.25566362]\n",
      " [ 0.42395682  0.37888093  0.25566362  0.        ]]\n",
      "21\n",
      "V1: [[  0.          -9.6914631  -13.61551807 -14.85540061]\n",
      " [ -9.6914631  -12.37563554 -13.65823835 -13.61551807]\n",
      " [-13.61551807 -13.65823835 -12.37563554  -9.6914631 ]\n",
      " [-14.85540061 -13.61551807  -9.6914631    0.        ]]\n",
      "V:  [[  0.          -9.44937571 -13.25681948 -14.45398174]\n",
      " [ -9.44937571 -12.05965722 -13.30189537 -13.25681948]\n",
      " [-13.25681948 -13.30189537 -12.05965722  -9.44937571]\n",
      " [-14.45398174 -13.25681948  -9.44937571   0.        ]]\n",
      "[[ 0.          0.2420874   0.35869859  0.40141887]\n",
      " [ 0.2420874   0.31597831  0.35634298  0.35869859]\n",
      " [ 0.35869859  0.35634298  0.31597831  0.2420874 ]\n",
      " [ 0.40141887  0.35869859  0.2420874   0.        ]]\n",
      "22\n",
      "V1: [[  0.          -9.92065418 -13.95515503 -15.23545934]\n",
      " [ -9.92065418 -12.67485073 -13.99557681 -13.95515503]\n",
      " [-13.95515503 -13.99557681 -12.67485073  -9.92065418]\n",
      " [-15.23545934 -13.95515503  -9.92065418   0.        ]]\n",
      "V:  [[  0.          -9.6914631  -13.61551807 -14.85540061]\n",
      " [ -9.6914631  -12.37563554 -13.65823835 -13.61551807]\n",
      " [-13.61551807 -13.65823835 -12.37563554  -9.6914631 ]\n",
      " [-14.85540061 -13.61551807  -9.6914631    0.        ]]\n",
      "[[ 0.          0.22919108  0.33963696  0.38005873]\n",
      " [ 0.22919108  0.29921519  0.33733845  0.33963696]\n",
      " [ 0.33963696  0.33733845  0.29921519  0.22919108]\n",
      " [ 0.38005873  0.33963696  0.22919108  0.        ]]\n",
      "23\n",
      "V1: [[  0.         -10.13766499 -14.27671134 -15.59530719]\n",
      " [-10.13766499 -12.95811549 -14.31500288 -14.27671134]\n",
      " [-14.27671134 -14.31500288 -12.95811549 -10.13766499]\n",
      " [-15.59530719 -14.27671134 -10.13766499   0.        ]]\n",
      "V:  [[  0.          -9.92065418 -13.95515503 -15.23545934]\n",
      " [ -9.92065418 -12.67485073 -13.99557681 -13.95515503]\n",
      " [-13.95515503 -13.99557681 -12.67485073  -9.92065418]\n",
      " [-15.23545934 -13.95515503  -9.92065418   0.        ]]\n",
      "[[ 0.          0.21701081  0.32155631  0.35984785]\n",
      " [ 0.21701081  0.28326476  0.31942607  0.32155631]\n",
      " [ 0.32155631  0.31942607  0.28326476  0.21701081]\n",
      " [ 0.35984785  0.32155631  0.21701081  0.        ]]\n",
      "24\n",
      "V1: [[  0.         -10.34312295 -14.5811716  -15.93600926]\n",
      " [-10.34312295 -13.22633393 -14.61741342 -14.5811716 ]\n",
      " [-14.5811716  -14.61741342 -13.22633393 -10.34312295]\n",
      " [-15.93600926 -14.5811716  -10.34312295   0.        ]]\n",
      "V:  [[  0.         -10.13766499 -14.27671134 -15.59530719]\n",
      " [-10.13766499 -12.95811549 -14.31500288 -14.27671134]\n",
      " [-14.27671134 -14.31500288 -12.95811549 -10.13766499]\n",
      " [-15.59530719 -14.27671134 -10.13766499   0.        ]]\n",
      "[[ 0.          0.20545797  0.30446026  0.34070208]\n",
      " [ 0.20545797  0.26821844  0.30241054  0.30446026]\n",
      " [ 0.30446026  0.30241054  0.26821844  0.20545797]\n",
      " [ 0.34070208  0.30446026  0.20545797  0.        ]]\n",
      "25\n",
      "V1: [[  0.         -10.53765712 -14.86942931 -16.25859043]\n",
      " [-10.53765712 -13.48026819 -14.90375277 -14.86942931]\n",
      " [-14.86942931 -14.90375277 -13.48026819 -10.53765712]\n",
      " [-16.25859043 -14.86942931 -10.53765712   0.        ]]\n",
      "V:  [[  0.         -10.34312295 -14.5811716  -15.93600926]\n",
      " [-10.34312295 -13.22633393 -14.61741342 -14.5811716 ]\n",
      " [-14.5811716  -14.61741342 -13.22633393 -10.34312295]\n",
      " [-15.93600926 -14.5811716  -10.34312295   0.        ]]\n",
      "[[ 0.          0.19453417  0.28825771  0.32258117]\n",
      " [ 0.19453417  0.25393425  0.28633935  0.28825771]\n",
      " [ 0.28825771  0.28633935  0.25393425  0.19453417]\n",
      " [ 0.32258117  0.28825771  0.19453417  0.        ]]\n",
      "26\n",
      "V1: [[  0.         -10.72183865 -15.14235741 -16.56400987]\n",
      " [-10.72183865 -13.72070494 -15.17484875 -15.14235741]\n",
      " [-15.14235741 -15.17484875 -13.72070494 -10.72183865]\n",
      " [-16.56400987 -15.14235741 -10.72183865   0.        ]]\n",
      "V:  [[  0.         -10.53765712 -14.86942931 -16.25859043]\n",
      " [-10.53765712 -13.48026819 -14.90375277 -14.86942931]\n",
      " [-14.86942931 -14.90375277 -13.48026819 -10.53765712]\n",
      " [-16.25859043 -14.86942931 -10.53765712   0.        ]]\n",
      "[[ 0.          0.18418153  0.2729281   0.30541944]\n",
      " [ 0.18418153  0.24043676  0.27109598  0.2729281 ]\n",
      " [ 0.2729281   0.27109598  0.24043676  0.18418153]\n",
      " [ 0.30541944  0.2729281   0.18418153  0.        ]]\n",
      "27\n",
      "V1: [[  0.         -10.89622525 -15.40076367 -16.85318364]\n",
      " [-10.89622525 -13.9483437  -15.43153118 -15.40076367]\n",
      " [-15.40076367 -15.43153118 -13.9483437  -10.89622525]\n",
      " [-16.85318364 -15.40076367 -10.89622525   0.        ]]\n",
      "V:  [[  0.         -10.72183865 -15.14235741 -16.56400987]\n",
      " [-10.72183865 -13.72070494 -15.17484875 -15.14235741]\n",
      " [-15.14235741 -15.17484875 -13.72070494 -10.72183865]\n",
      " [-16.56400987 -15.14235741 -10.72183865   0.        ]]\n",
      "[[ 0.          0.1743866   0.25840626  0.28917377]\n",
      " [ 0.1743866   0.22763876  0.25668243  0.25840626]\n",
      " [ 0.25840626  0.25668243  0.22763876  0.1743866 ]\n",
      " [ 0.28917377  0.25840626  0.1743866   0.        ]]\n",
      "28\n",
      "V1: [[  0.         -11.06133316 -15.64542593 -17.12697365]\n",
      " [-11.06133316 -14.16387821 -15.67455368 -15.64542593]\n",
      " [-15.64542593 -15.67455368 -14.16387821 -11.06133316]\n",
      " [-17.12697365 -15.64542593 -11.06133316   0.        ]]\n",
      "V:  [[  0.         -10.89622525 -15.40076367 -16.85318364]\n",
      " [-10.89622525 -13.9483437  -15.43153118 -15.40076367]\n",
      " [-15.40076367 -15.43153118 -13.9483437  -10.89622525]\n",
      " [-16.85318364 -15.40076367 -10.89622525   0.        ]]\n",
      "[[ 0.          0.1651079   0.24466226  0.27379002]\n",
      " [ 0.1651079   0.21553451  0.24302251  0.24466226]\n",
      " [ 0.24466226  0.24302251  0.21553451  0.1651079 ]\n",
      " [ 0.27379002  0.24466226  0.1651079   0.        ]]\n",
      "29\n",
      "V1: [[  0.         -11.21765933 -15.87707161 -17.38619979]\n",
      " [-11.21765933 -14.36794342 -15.90465207 -15.87707161]\n",
      " [-15.87707161 -15.90465207 -14.36794342 -11.21765933]\n",
      " [-17.38619979 -15.87707161 -11.21765933   0.        ]]\n",
      "V:  [[  0.         -11.06133316 -15.64542593 -17.12697365]\n",
      " [-11.06133316 -14.16387821 -15.67455368 -15.64542593]\n",
      " [-15.64542593 -15.67455368 -14.16387821 -11.06133316]\n",
      " [-17.12697365 -15.64542593 -11.06133316   0.        ]]\n",
      "[[ 0.          0.15632617  0.23164567  0.25922614]\n",
      " [ 0.15632617  0.20406521  0.23009839  0.23164567]\n",
      " [ 0.23164567  0.23009839  0.20406521  0.15632617]\n",
      " [ 0.25922614  0.23164567  0.15632617  0.        ]]\n",
      "30\n",
      "V1: [[  0.         -11.36566859 -16.0963957  -17.6316357 ]\n",
      " [-11.36566859 -14.5611557  -16.12250751 -16.0963957 ]\n",
      " [-16.0963957  -16.12250751 -14.5611557  -11.36566859]\n",
      " [-17.6316357  -16.0963957  -11.36566859   0.        ]]\n",
      "V:  [[  0.         -11.21765933 -15.87707161 -17.38619979]\n",
      " [-11.21765933 -14.36794342 -15.90465207 -15.87707161]\n",
      " [-15.87707161 -15.90465207 -14.36794342 -11.21765933]\n",
      " [-17.38619979 -15.87707161 -11.21765933   0.        ]]\n",
      "[[ 0.          0.14800926  0.21932409  0.24543591]\n",
      " [ 0.14800926  0.19321228  0.21785544  0.21932409]\n",
      " [ 0.21932409  0.21785544  0.19321228  0.14800926]\n",
      " [ 0.24543591  0.21932409  0.14800926  0.        ]]\n",
      "31\n",
      "V1: [[  0.         -11.505805   -16.30405188 -17.8640157 ]\n",
      " [-11.505805   -14.74408805 -16.3287757  -16.30405188]\n",
      " [-16.30405188 -16.3287757  -14.74408805 -11.505805  ]\n",
      " [-17.8640157  -16.30405188 -11.505805     0.        ]]\n",
      "V:  [[  0.         -11.36566859 -16.0963957  -17.6316357 ]\n",
      " [-11.36566859 -14.5611557  -16.12250751 -16.0963957 ]\n",
      " [-16.0963957  -16.12250751 -14.5611557  -11.36566859]\n",
      " [-17.6316357  -16.0963957  -11.36566859   0.        ]]\n",
      "[[ 0.          0.14013641  0.20765618  0.23238   ]\n",
      " [ 0.14013641  0.18293235  0.20626819  0.20765618]\n",
      " [ 0.20765618  0.20626819  0.18293235  0.14013641]\n",
      " [ 0.23238     0.20765618  0.14013641  0.        ]]\n",
      "32\n",
      "V1: [[  0.         -11.63848623 -16.50066207 -18.08403379]\n",
      " [-11.63848623 -14.91729035 -16.52406996 -16.50066207]\n",
      " [-16.50066207 -16.52406996 -14.91729035 -11.63848623]\n",
      " [-18.08403379 -16.50066207 -11.63848623   0.        ]]\n",
      "V:  [[  0.         -11.505805   -16.30405188 -17.8640157 ]\n",
      " [-11.505805   -14.74408805 -16.3287757  -16.30405188]\n",
      " [-16.30405188 -16.3287757  -14.74408805 -11.505805  ]\n",
      " [-17.8640157  -16.30405188 -11.505805     0.        ]]\n",
      "[[ 0.          0.13268123  0.19661019  0.22001809]\n",
      " [ 0.13268123  0.1732023   0.19529426  0.19661019]\n",
      " [ 0.19661019  0.19529426  0.1732023   0.13268123]\n",
      " [ 0.22001809  0.19661019  0.13268123  0.        ]]\n",
      "33\n",
      "V1: [[  0.         -11.76410966 -16.68681301 -18.29234793]\n",
      " [-11.76410966 -15.0812781  -16.70897621 -16.68681301]\n",
      " [-16.68681301 -16.70897621 -15.0812781  -11.76410966]\n",
      " [-18.29234793 -16.68681301 -11.76410966   0.        ]]\n",
      "V:  [[  0.         -11.63848623 -16.50066207 -18.08403379]\n",
      " [-11.63848623 -14.91729035 -16.52406996 -16.50066207]\n",
      " [-16.50066207 -16.52406996 -14.91729035 -11.63848623]\n",
      " [-18.08403379 -16.50066207 -11.63848623   0.        ]]\n",
      "[[ 0.          0.12562343  0.18615094  0.20831414]\n",
      " [ 0.12562343  0.16398775  0.18490625  0.18615094]\n",
      " [ 0.18615094  0.18490625  0.16398775  0.12562343]\n",
      " [ 0.20831414  0.18615094  0.12562343  0.        ]]\n",
      "34\n",
      "V1: [[  0.         -11.88305019 -16.8630617  -18.48958047]\n",
      " [-11.88305019 -15.23654293 -16.88404555 -16.8630617 ]\n",
      " [-16.8630617  -16.88404555 -15.23654293 -11.88305019]\n",
      " [-18.48958047 -16.8630617  -11.88305019   0.        ]]\n",
      "V:  [[  0.         -11.76410966 -16.68681301 -18.29234793]\n",
      " [-11.76410966 -15.0812781  -16.70897621 -16.68681301]\n",
      " [-16.68681301 -16.70897621 -15.0812781  -11.76410966]\n",
      " [-18.29234793 -16.68681301 -11.76410966   0.        ]]\n",
      "[[ 0.          0.11894053  0.17624869  0.19723254]\n",
      " [ 0.11894053  0.15526484  0.17506935  0.17624869]\n",
      " [ 0.17624869  0.17506935  0.15526484  0.11894053]\n",
      " [ 0.19723254  0.17624869  0.11894053  0.        ]]\n",
      "35\n",
      "V1: [[  0.         -11.99566371 -17.02993448 -18.67632109]\n",
      " [-11.99566371 -15.38354787 -17.04980232 -17.02993448]\n",
      " [-17.02993448 -17.04980232 -15.38354787 -11.99566371]\n",
      " [-18.67632109 -17.02993448 -11.99566371   0.        ]]\n",
      "V:  [[  0.         -11.88305019 -16.8630617  -18.48958047]\n",
      " [-11.88305019 -15.23654293 -16.88404555 -16.8630617 ]\n",
      " [-16.8630617  -16.88404555 -15.23654293 -11.88305019]\n",
      " [-18.48958047 -16.8630617  -11.88305019   0.        ]]\n",
      "[[ 0.          0.11261351  0.16687278  0.18674062]\n",
      " [ 0.11261351  0.14700494  0.16575676  0.16687278]\n",
      " [ 0.16687278  0.16575676  0.14700494  0.11261351]\n",
      " [ 0.18674062  0.16687278  0.11261351  0.        ]]\n",
      "36\n",
      "V1: [[  0.         -12.10228652 -17.1879304  -18.85312778]\n",
      " [-12.10228652 -15.52273301 -17.20674118 -17.1879304 ]\n",
      " [-17.1879304  -17.20674118 -15.52273301 -12.10228652]\n",
      " [-18.85312778 -17.1879304  -12.10228652   0.        ]]\n",
      "V:  [[  0.         -11.99566371 -17.02993448 -18.67632109]\n",
      " [-11.99566371 -15.38354787 -17.04980232 -17.02993448]\n",
      " [-17.02993448 -17.04980232 -15.38354787 -11.99566371]\n",
      " [-18.67632109 -17.02993448 -11.99566371   0.        ]]\n",
      "[[ 0.          0.10662281  0.15799592  0.1768067 ]\n",
      " [ 0.10662281  0.13918514  0.15693886  0.15799592]\n",
      " [ 0.15799592  0.15693886  0.13918514  0.10662281]\n",
      " [ 0.1768067   0.15799592  0.10662281  0.        ]]\n",
      "37\n",
      "V1: [[  0.         -12.20323748 -17.33752147 -19.02052909]\n",
      " [-12.20323748 -15.65451385 -17.35533171 -17.33752147]\n",
      " [-17.33752147 -17.35533171 -15.65451385 -12.20323748]\n",
      " [-19.02052909 -17.33752147 -12.20323748   0.        ]]\n",
      "V:  [[  0.         -12.10228652 -17.1879304  -18.85312778]\n",
      " [-12.10228652 -15.52273301 -17.20674118 -17.1879304 ]\n",
      " [-17.1879304  -17.20674118 -15.52273301 -12.10228652]\n",
      " [-18.85312778 -17.1879304  -12.10228652   0.        ]]\n",
      "[[ 0.          0.10095097  0.14959107  0.16740131]\n",
      " [ 0.10095097  0.13178083  0.14859053  0.14959107]\n",
      " [ 0.14959107  0.14859053  0.13178083  0.10095097]\n",
      " [ 0.16740131  0.14959107  0.10095097  0.        ]]\n",
      "38\n",
      "V1: [[  0.         -12.2988182  -17.47915494 -19.17902528]\n",
      " [-12.2988182  -15.77928459 -17.49601766 -17.47915494]\n",
      " [-17.47915494 -17.49601766 -15.77928459 -12.2988182 ]\n",
      " [-19.17902528 -17.47915494 -12.2988182    0.        ]]\n",
      "V:  [[  0.         -12.20323748 -17.33752147 -19.02052909]\n",
      " [-12.20323748 -15.65451385 -17.35533171 -17.33752147]\n",
      " [-17.33752147 -17.35533171 -15.65451385 -12.20323748]\n",
      " [-19.02052909 -17.33752147 -12.20323748   0.        ]]\n",
      "[[ 0.          0.09558072  0.14163347  0.15849619]\n",
      " [ 0.09558072  0.12477075  0.14068595  0.14163347]\n",
      " [ 0.14163347  0.14068595  0.12477075  0.09558072]\n",
      " [ 0.15849619  0.14163347  0.09558072  0.        ]]\n",
      "39\n",
      "V1: [[  0.         -12.38931443 -17.61325402 -19.32909011]\n",
      " [-12.38931443 -15.89741793 -17.62921977 -17.61325402]\n",
      " [-17.61325402 -17.62921977 -15.89741793 -12.38931443]\n",
      " [-19.32909011 -17.61325402 -12.38931443   0.        ]]\n",
      "V:  [[  0.         -12.2988182  -17.47915494 -19.17902528]\n",
      " [-12.2988182  -15.77928459 -17.49601766 -17.47915494]\n",
      " [-17.47915494 -17.49601766 -15.77928459 -12.2988182 ]\n",
      " [-19.17902528 -17.47915494 -12.2988182    0.        ]]\n",
      "[[ 0.          0.09049623  0.13409908  0.15006483]\n",
      " [ 0.09049623  0.11813333  0.13320211  0.13409908]\n",
      " [ 0.13409908  0.13320211  0.11813333  0.09049623]\n",
      " [ 0.15006483  0.13409908  0.09049623  0.        ]]\n",
      "40\n",
      "V1: [[  0.         -12.47499659 -17.74021958 -19.47117206]\n",
      " [-12.47499659 -16.0092671  -17.75533597 -17.74021958]\n",
      " [-17.74021958 -17.75533597 -16.0092671  -12.47499659]\n",
      " [-19.47117206 -17.74021958 -12.47499659   0.        ]]\n",
      "V:  [[  0.         -12.38931443 -17.61325402 -19.32909011]\n",
      " [-12.38931443 -15.89741793 -17.62921977 -17.61325402]\n",
      " [-17.61325402 -17.62921977 -15.89741793 -12.38931443]\n",
      " [-19.32909011 -17.61325402 -12.38931443   0.        ]]\n",
      "[[ 0.          0.08568216  0.12696556  0.14208196]\n",
      " [ 0.08568216  0.11184917  0.12611621  0.12696556]\n",
      " [ 0.12696556  0.12611621  0.11184917  0.08568216]\n",
      " [ 0.14208196  0.12696556  0.08568216  0.        ]]\n",
      "41\n",
      "V1: [[  0.         -12.55612082 -17.86043105 -19.60569582]\n",
      " [-12.55612082 -16.11516628 -17.87474334 -17.86043105]\n",
      " [-17.86043105 -17.87474334 -16.11516628 -12.55612082]\n",
      " [-19.60569582 -17.86043105 -12.55612082   0.        ]]\n",
      "V:  [[  0.         -12.47499659 -17.74021958 -19.47117206]\n",
      " [-12.47499659 -16.0092671  -17.75533597 -17.74021958]\n",
      " [-17.74021958 -17.75533597 -16.0092671  -12.47499659]\n",
      " [-19.47117206 -17.74021958 -12.47499659   0.        ]]\n",
      "[[ 0.          0.08112422  0.12021147  0.13452376]\n",
      " [ 0.08112422  0.10589919  0.11940737  0.12021147]\n",
      " [ 0.12021147  0.11940737  0.10589919  0.08112422]\n",
      " [ 0.13452376  0.12021147  0.08112422  0.        ]]\n",
      "42\n",
      "V1: [[  0.         -12.63292954 -17.97424776 -19.73306344]\n",
      " [-12.63292954 -16.21543208 -17.98779867 -17.97424776]\n",
      " [-17.97424776 -17.98779867 -16.21543208 -12.63292954]\n",
      " [-19.73306344 -17.97424776 -12.63292954   0.        ]]\n",
      "V:  [[  0.         -12.55612082 -17.86043105 -19.60569582]\n",
      " [-12.55612082 -16.11516628 -17.87474334 -17.86043105]\n",
      " [-17.86043105 -17.87474334 -16.11516628 -12.55612082]\n",
      " [-19.60569582 -17.86043105 -12.55612082   0.        ]]\n",
      "[[ 0.          0.07680872  0.11381671  0.12736762]\n",
      " [ 0.07680872  0.1002658   0.11305533  0.11381671]\n",
      " [ 0.11381671  0.11305533  0.1002658   0.07680872]\n",
      " [ 0.12736762  0.11381671  0.07680872  0.        ]]\n",
      "43\n",
      "V1: [[  0.         -12.70565234 -18.08200985 -19.8536556 ]\n",
      " [-12.70565234 -16.3103641  -18.09483992 -18.08200985]\n",
      " [-18.08200985 -18.09483992 -16.3103641  -12.70565234]\n",
      " [-19.8536556  -18.08200985 -12.70565234   0.        ]]\n",
      "V:  [[  0.         -12.63292954 -17.97424776 -19.73306344]\n",
      " [-12.63292954 -16.21543208 -17.98779867 -17.97424776]\n",
      " [-17.97424776 -17.98779867 -16.21543208 -12.63292954]\n",
      " [-19.73306344 -17.97424776 -12.63292954   0.        ]]\n",
      "[[ 0.          0.07272281  0.10776209  0.12059216]\n",
      " [ 0.07272281  0.09493202  0.10704125  0.10776209]\n",
      " [ 0.10776209  0.10704125  0.09493202  0.07272281]\n",
      " [ 0.12059216  0.10776209  0.07272281  0.        ]]\n",
      "44\n",
      "V1: [[  0.         -12.77450657 -18.18403943 -19.96783272]\n",
      " [-12.77450657 -16.40024613 -18.19618698 -18.18403943]\n",
      " [-18.18403943 -18.19618698 -16.40024613 -12.77450657]\n",
      " [-19.96783272 -18.18403943 -12.77450657   0.        ]]\n",
      "V:  [[  0.         -12.70565234 -18.08200985 -19.8536556 ]\n",
      " [-12.70565234 -16.3103641  -18.09483992 -18.08200985]\n",
      " [-18.08200985 -18.09483992 -16.3103641  -12.70565234]\n",
      " [-19.8536556  -18.08200985 -12.70565234   0.        ]]\n",
      "[[ 0.          0.06885423  0.10202958  0.11417713]\n",
      " [ 0.06885423  0.08988203  0.10134706  0.10202958]\n",
      " [ 0.10202958  0.10134706  0.08988203  0.06885423]\n",
      " [ 0.11417713  0.10202958  0.06885423  0.        ]]\n",
      "45\n",
      "V1: [[  0.         -12.83969803 -18.28064143 -20.07593608]\n",
      " [-12.83969803 -16.48534678 -18.29214278 -18.28064143]\n",
      " [-18.28064143 -18.29214278 -16.48534678 -12.83969803]\n",
      " [-20.07593608 -18.28064143 -12.83969803   0.        ]]\n",
      "V:  [[  0.         -12.77450657 -18.18403943 -19.96783272]\n",
      " [-12.77450657 -16.40024613 -18.19618698 -18.18403943]\n",
      " [-18.18403943 -18.19618698 -16.40024613 -12.77450657]\n",
      " [-19.96783272 -18.18403943 -12.77450657   0.        ]]\n",
      "[[ 0.          0.06519146  0.096602    0.10810335]\n",
      " [ 0.06519146  0.08510064  0.0959558   0.096602  ]\n",
      " [ 0.096602    0.0959558   0.08510064  0.06519146]\n",
      " [ 0.10810335  0.096602    0.06519146  0.        ]]\n",
      "46\n",
      "V1: [[  0.         -12.90142156 -18.37210458 -20.17828875]\n",
      " [-12.90142156 -16.56592041 -18.3829941  -18.37210458]\n",
      " [-18.37210458 -18.3829941  -16.56592041 -12.90142156]\n",
      " [-20.17828875 -18.37210458 -12.90142156   0.        ]]\n",
      "V:  [[  0.         -12.83969803 -18.28064143 -20.07593608]\n",
      " [-12.83969803 -16.48534678 -18.29214278 -18.28064143]\n",
      " [-18.28064143 -18.29214278 -16.48534678 -12.83969803]\n",
      " [-20.07593608 -18.28064143 -12.83969803   0.        ]]\n",
      "[[ 0.          0.06172353  0.09146315  0.10235267]\n",
      " [ 0.06172353  0.08057363  0.09085132  0.09146315]\n",
      " [ 0.09146315  0.09085132  0.08057363  0.06172353]\n",
      " [ 0.10235267  0.09146315  0.06172353  0.        ]]\n",
      "47\n",
      "V1: [[  0.         -12.95986164 -18.45870225 -20.27519666]\n",
      " [-12.95986164 -16.64220783 -18.46901249 -18.45870225]\n",
      " [-18.45870225 -18.46901249 -16.64220783 -12.95986164]\n",
      " [-20.27519666 -18.45870225 -12.95986164   0.        ]]\n",
      "V:  [[  0.         -12.90142156 -18.37210458 -20.17828875]\n",
      " [-12.90142156 -16.56592041 -18.3829941  -18.37210458]\n",
      " [-18.37210458 -18.3829941  -16.56592041 -12.90142156]\n",
      " [-20.17828875 -18.37210458 -12.90142156   0.        ]]\n",
      "[[ 0.          0.05844008  0.08659767  0.09690791]\n",
      " [ 0.05844008  0.07628742  0.08601839  0.08659767]\n",
      " [ 0.08659767  0.08601839  0.07628742  0.05844008]\n",
      " [ 0.09690791  0.08659767  0.05844008  0.        ]]\n",
      "48\n",
      "V1: [[  0.         -13.01519293 -18.54069326 -20.36694946]\n",
      " [-13.01519293 -16.71443706 -18.55045504 -18.54069326]\n",
      " [-18.54069326 -18.55045504 -16.71443706 -13.01519293]\n",
      " [-20.36694946 -18.54069326 -13.01519293   0.        ]]\n",
      "V:  [[  0.         -12.95986164 -18.45870225 -20.27519666]\n",
      " [-12.95986164 -16.64220783 -18.46901249 -18.45870225]\n",
      " [-18.45870225 -18.46901249 -16.64220783 -12.95986164]\n",
      " [-20.27519666 -18.45870225 -12.95986164   0.        ]]\n",
      "[[ 0.          0.05533129  0.08199101  0.09175279]\n",
      " [ 0.05533129  0.07222923  0.08144255  0.08199101]\n",
      " [ 0.08199101  0.08144255  0.07222923  0.05533129]\n",
      " [ 0.09175279  0.08199101  0.05533129  0.        ]]\n",
      "49\n",
      "V1: [[  0.         -13.06758081 -18.61832267 -20.45382136]\n",
      " [-13.06758081 -16.78282398 -18.62756516 -18.61832267]\n",
